Questão 3.3

0.9-(1+x+((x**(2))/2))*e**(-x)
a = 0.01
b = 2

ESPERADO = 1.1020...

0.1-(1+x+((x**(2))/2))*e**(-x)
a = 4 
b = 6

ESPERADO = 5.3223...


Questão 3.6

tan(40*pi/180)*((4/5)-cos(x)**2)-sin(x)*cos(x)
a = 0.1 
b = 2

ESPERADO = 1.0237...


Questão 3.8

(140/26.50)*((1+x)**10)-((140/26.50)+1)*((1+x)**9)+1 
a = 0.1
b = 0.5

ESPERADO = 0.1222...

(140/21.50)*((1+x)**13)-((140/21.50)+1)*((1+x)**12)+1
a = 0.1
b = 0.5

ESPERADO = 0.1093...


Questão 4.1

8 -4 -2 10
-4 6 -2 0
-2 -2 10 4


Questão 4.3

4 -1 0 -1 0 0 0 0 0 0
-1 4 -1 0 -1 0 0 0 0 0
0 -1 4 0 0 -1 0 0 0 0 
-1 0 0 4 -1 0 -1 0 0 0
0 -1 0 -1 4 -1 0 -1 0 0
0 0 -1 0 -1 4 0 0 -1 0
0 0 0 -1 0 0 4 -1 0 1
0 0 0 0 -1 0 -1 4 -1 1
0 0 0 0 0 -1 0 -1 4 1


Questão 4.6

14 4 4 100
4 7 19 100
4 7 18 100


Questão 5.1

0.00001
4 -1 0 -1 0 0 100
-1 4 -1 0 -1 0 0
0 -1 4 0 0 -1 0
-1 0 0 4 -1 0 100
0 -1 0 -1 4 -1 0
0 0 -1 0 -1 4 0


Questão 5.2

0.00001
20 -10 -4 26
-10 25 -5 0
-4 5 20 7


Questão 5.5

0.00001
-4 1 0 1 0 0 0 0 0 -50
1 -4 1 0 1 0 0 0 0 -50
0 1 -4 0 0 1 0 0 0 -150
1 0 0 -4 1 0 1 0 0 0
0 1 0 1 -4 1 0 1 0 0
0 0 1 0 1 -4 0 0 1 -100
0 0 0 0 1 0 -4 1 0 -50
0 0 0 0 1 0 1 -4 1 -50
0 0 0 0 0 1 0 1 -4 -150